-0.0707158
0.16986
0.23189
0.0331426
0.198575
0.15094
0.0209655
0.15346
-0.0864176
-0.154008
-0.221962
-0.0446598
0.109537
0.404769
0.196789
0.161492
0.344298
0.109668
0.060264
0.135289
0.171387
0.0494764
0.0421328
0.0972017
0.000135579
0.0373024
-0.115254
0.100112
0.00829474
0.204127
-0.0875558
-0.158485
-0.0156329
-0.211547
-0.413439
-0.240503
-0.300276
-0.110098
-0.149621
-0.074619
-0.321018
-0.315041
-0.288314
-0.26772
-0.442219
-0.4462
-0.379651
-0.539715
-0.636013
-0.553087
-0.360865
-0.141186
-0.480745
-0.41781
-0.471637
-0.446502
-0.523084
-0.512859
-0.507457
-0.676263
-0.712569
-0.623709
-0.661485
-0.772492
-0.472032
-0.22618
-0.417806
-0.77515
-0.621819
-0.524964
-0.31151
-0.576781
-0.82253
-0.707355
-0.5545
-0.478149
-0.198031
-0.0599003
0.281935
0.616537
0.520563
0.241184
0.119367
0.0761356
0.375912
0.689192
0.495943
0.505173
0.394124
0.0307063
0.202809
0.0931495
0.204779
0.368937
0.108441
-0.23048
-0.248899
-0.338102
-0.137118
-0.16439
-0.274597
-0.0748979
-0.163123
-0.427624
-0.218539
-0.319586
-0.0692894
-0.212131
-0.0729647
0.187906
0.155298
0.0783191
-0.129167
-0.10639
-0.0019776
0.254171
0.166761
0.186058
0.376683
0.454446
0.466046
0.510632
0.334351
0.315694
0.376802
0.629097
0.427858
0.315294
-0.0450924
0.0899724
0.158858
-0.179728
-0.26643
-0.319383
-0.47944
-0.691698
-0.462301
-0.421432
-0.71255
-0.688798
-0.666183
-0.557586
-0.359156
-0.52165
-0.37215
-0.487703
-0.451027
-0.58322
-0.728374
-0.819571
-0.591543
-0.638398
-0.305889
-0.53962
-0.70254
-0.548168
-0.175787
-0.206892
-0.190626
-0.208247
-0.653724
-0.869891
-0.766156
-0.610475
-0.685898
-0.777074
-0.394587
-0.495651
-0.220904
-0.217915
-0.467044
-0.21836
-0.0867888
-0.212405
-0.102313
-0.0844146
0.208519
0.430757
0.53813
0.4725
0.500317
0.471536
0.439178
0.441957
0.375065
0.438382
0.369767
0.208452
0.163918
0.0453091
0.0693425
-0.148559
-0.166811
0.0817283
-0.341885
-0.358352
0.0354412
-0.0662694
-0.126478
-0.212271
-0.266609
-0.268757
-0.226644
-0.0999231
-0.130566
-0.0380072
-0.309015
-0.266589
-0.287479
-0.208782
-0.0832618
0.0305664
0.171308
0.0513832
0.131041
-0.00304483
0.161772
0.262972
0.0618127
0.347945
-0.114682
0.133742
0.329829
0.723859
1.04968
0.933841
1.09833
1.29213
1.34798
1.49821
0.994608
1.1536
1.15306
1.20992
1.13304
1.05782
1.2301
0.898983
0.766318
0.689236
0.808884
0.662016
0.572333
0.429016
0.656955
0.433966
0.549849
0.329421
0.333005
0.495524
0.429941
0.182934
0.329237
0.0677362
0.034293
0.0901285
-0.0595063
0.0267961
0.297368
0.249357
0.240516
0.408411
0.473769
0.301257
0.285745
0.243674
0.266485
0.194832
0.246286
0.0176602
-0.372435
-0.467716
-0.418304
-0.61581
-1.02124
-1.10892
-0.697324
-0.619494
-0.726227
-0.746947
-0.641007
-0.70375
-0.82908
-0.596253
-0.390765
-0.343817
-0.151205
0.135016
-0.121385
-0.258347
-0.34424
-0.41244
-0.59953
-0.493876
-0.733386
-0.665322
-0.681837
-0.486667
-0.593609
-0.563957
-0.372847
-0.431044
-0.593575
-0.611417
-0.672701
-0.468902
-0.405116
-0.221431
-0.0687017
-0.397331
-0.0299889
-0.507124
-0.157826
-0.106992
-0.076854
-0.210814
-0.163557
-0.254562
-0.311822
-0.301048
-0.259558
-0.205676
-0.252349
-0.531818
-0.910735
-0.945552
-1.18831
-0.952161
-1.1345
-0.742457
-0.94136
-0.988949
-1.0576
-1.03413
-0.948655
-0.720638
-0.803478
-0.79413
-0.77093
-0.93168
-0.782908
-0.581588
-0.359235
-0.368346
-0.427289
-0.249545
0.0517283
-0.0676256
-0.0209266
0.361599
0.376048
0.453717
0.670997
0.858451
0.980103
1.02275
1.3459
1.34078
1.28606
1.25985
1.31585
1.16658
1.32465
1.26814
1.42942
1.55205
1.63959
1.57578
1.42663
1.30944
1.11117
1.38884
1.54545
1.32408
1.35609
1.13708
0.967672
1.29708
1.4659
1.62701
1.86453
1.8152
2.15759
2.17131
2.21783
2.41916
2.45739
2.37811
2.30668
2.40547
2.4435
2.42711
2.4997
2.38817
2.1801
2.05613
2.09174
2.2509
2.09974
2.10931
2.06701
2.06147
2.24379
2.09828
2.10518
1.91835
1.75321
1.8454
1.64947
1.79159
1.71116
1.31483
0.981688
1.30597
1.66081
1.4778
1.14999
1.05854
1.11703
1.07016
1.23392
0.877764
0.768065
0.799974
0.619
0.470369
0.930747
1.07016
1.00041
0.945497
0.774935
0.789989
1.04357
0.879745
0.692798
0.64104
0.528476
0.533535
0.28337
0.0489057
0.108092
0.158209
0.359817
0.335493
0.407631
0.461772
0.486826
0.499849
0.650865
0.989009
1.1158
1.02296
1.38186
1.29616
1.45033
1.4336
1.92566
1.6336
1.72618
1.57786
1.71839
1.59937
1.82662
1.78467
1.64255
1.72367
1.85584
1.59448
1.62518
1.74352
1.77814
1.29492
1.39355
1.42875
1.41189
1.43149
1.35354
1.38153
1.47776
1.16646
1.09745
1.12792
1.11295
0.93997
0.870943
1.26032
1.19735
1.22549
1.02019
0.809796
0.751554
0.95488
0.703075
0.867923
1.2269
1.21043
1.35389
1.44469
1.58435
1.58553
1.65036
1.72043
1.91705
1.88183
2.03232
1.74321
1.83773
1.85963
1.81232
1.69566
1.7656
1.59811
1.68529
1.52422
1.3989
1.56544
1.16705
1.08383
0.753905
0.745367
0.510664
0.752388
0.883169
0.945525
0.877077
0.593393
0.586003
0.326148
0.302186
0.555567
0.537322
0.578859
0.617275
0.544594
0.477097
0.595974
0.934179
0.988417
1.07438
1.12773
1.16
1.19733
1.14295
1.43181
1.50653
1.39946
1.53519
1.39457
1.49582
1.48022
1.56806
1.52299
1.56698
1.58826
1.27768
1.04605
0.865073
0.700935
0.81523
0.682428
0.836659
0.838616
0.811876
0.723197
0.632114
0.749321
0.669998
0.582437
0.458159
0.185724
-0.0994117
0.0498127
0.284384
0.139376
0.066682
0.136607
0.295751
0.724691
0.985549
1.01143
0.945902
1.28294
0.967022
1.06348
1.15604
0.994067
0.954158
0.682993
0.793946
0.533841
0.516878
0.531174
0.506443
0.387305
0.159203
-0.0340315
-0.155668
-0.0627065
-0.103937
-0.107617
-0.27889
-0.388731
-0.477254
-0.585377
-0.643584
-0.566964
-0.0793087
0.000770148
0.111248
-0.011582
0.247332
0.348321
0.469413
0.704491
0.530745
0.641126
0.939437
1.06168
1.0038
1.1352
1.2294
1.35826
1.58453
1.02066
0.963905
0.919199
1.10995
1.0892
1.09641
1.07886
1.24073
1.09845
0.959764
0.908164
1.02741
1.01775
0.936061
0.840327
0.612637
0.690058
0.609927
0.371383
0.353623
0.273644
0.076754
0.171664
0.238926
0.509414
0.528648
0.518315
0.761962
0.793328
0.791364
0.55221
0.301693
0.315698
0.442816
0.366747
0.311467
0.10206
-0.411088
-0.0338888
-0.0899186
-0.305854
-0.422619
-0.246398
-0.248515
-0.40419
-0.421817
-0.412116
-0.252511
0.227656
0.251752
-0.029206
-0.0987431
0.164434
0.56988
0.638726
0.78049
0.787851
0.854756
0.794476
0.646663
0.897994
1.12926
1.36956
1.33022
1.46294
1.55094
1.28776
1.16548
0.731962
0.668349
0.875876
0.821699
0.832484
1.3341
1.13641
1.04754
1.11348
1.03862
1.06289
0.889574
0.747326
0.508905
0.510698
0.484177
0.0755081
-0.0231643
0.256536
-0.107665
-0.359395
0.00624884
-0.257836
-0.0813164
-0.0130451
0.474351
0.533029
0.442679
0.528819
0.313143
0.133019
-0.0249002
-0.364958
-0.14155
-0.135354
-0.238893
0.0138434
0.183601
0.350064
0.555356
0.680031
0.643823
0.785531
0.761952
0.524417
0.712945
0.540658
0.682911
0.456354
0.476512
0.526178
0.392375
0.0076991
-0.205541
-0.251659
-0.080984
-0.0199661
-0.230889
-0.263897
-0.215762
-0.188948
0.0441744
-0.241494
-0.399916
-0.427785
-0.278466
-0.303481
-0.480124
-0.423223
-0.454385
-0.492815
-0.879874
-0.639264
-0.600845
-0.46774
-0.446446
-0.289046
-0.363359
-0.411987
-0.267373
-0.289231
-0.169546
-0.124557
-0.162822
-0.0161993
-0.265669
-0.164939
-0.249748
-0.0749947
0.188538
0.0164447
-0.142066
0.0111372
0.225114
0.376035
0.315833
0.309135
0.349844
0.488767
0.955535
1.25877
1.17212
1.20816
1.2778
1.12703
0.983008
0.970886
0.813273
0.828014
0.836612
0.862702
0.896005
0.901781
0.935345
0.797393
0.880077
0.986419
0.846852
1.05081
0.960155
1.09925
1.08949
0.942649
0.891703
0.964911
0.817715
0.625643
0.643087
0.615377
0.483285
0.797173
0.62513
0.433615
0.625844
0.473401
0.647033
0.584184
0.369558
-0.00472265
0.212654
0.15883
-0.0392137
-0.398475
-0.427471
-0.25876
-0.292534
-0.286484
-0.299253
-0.366916
-0.511515
-0.727069
-0.874087
-1.06336
-1.22277
-1.20866
-1.1002
-0.879378
-0.988162
-0.852105
-1.06504
-1.16611
-1.03802
-1.11352
-1.47774
-1.60007
-1.63687
-1.44067
-1.85651
-1.90892
-1.52491
-1.75404
-1.72803
-2.0493
-2.13805
-2.17325
-1.82514
-1.95126
-1.7447
-1.61867
-1.65639
-1.6294
-1.50294
-1.28245
-1.18735
-1.17926
-0.940139
-1.07496
-1.22781
-1.03464
-1.23209
-1.14798
-0.81092
-0.889825
-1.14345
-1.29786
-1.21023
-1.04063
-1.07347
-0.980151
-0.951537
-0.982682
-0.86257
-1.3187
-1.66029
-1.86956
-1.81783
-1.82169
-1.62198
-1.62047
-1.55605
-1.63246
-1.26424
-1.47529
-1.5951
-1.43971
-1.55556
-1.39866
-1.74069
-1.91321
-1.87309
-2.08826
-2.27251
-2.5502
-2.33743
-2.18647
-2.30504
-2.13328
-2.09198
-2.06648
-1.90123
-2.06855
-1.94538
-1.83498
-1.73698
-1.73622
-1.43988
-1.3752
-1.51795
-1.65838
-1.7571
-1.77745
-1.66929
-1.54574
-1.27141
-1.44676
-1.40791
-1.34537
-1.05253
-0.847184
-0.977436
-1.16221
-0.965782
-0.980483
-0.692211
-0.849915
-0.956304
-0.857536
-0.559188
-0.456928
-0.688489
-0.653439
-0.810489
-0.554575
-0.577991
-0.755053
-0.962053
-0.84076
-0.832033
-0.743116
-0.893288
-1.00841
-0.992585
-0.803129
-0.776423
-0.80176
-0.860334
-1.06867
-0.892549
-0.95074
-0.727552
-0.734495
-1.01145
-1.09125
-1.21558
-1.40455
-1.52751
-1.5
-1.59739
-1.43207
-1.52844
-1.69657
-1.59891
-1.63988
-1.83281
-1.86907
-1.77519
-2.05993
-2.17227
-2.22565
-2.13557
-2.14183
-1.83302
-2.00934
-2.16391
-2.14621
-2.18071
-2.15071
-1.8546
-1.97339
-2.08902
-2.05062
-1.71819
-1.86155
-1.60987
-1.57247
-1.90212
-1.93914
-1.84496
-1.81132
-1.40801
-1.54904
-1.41988
-1.48229
-1.70422
-1.80071
-1.90609
-1.76746
-1.79158
-1.75034
-1.46304
-1.30008
-1.05263
-1.04615
-1.01133
-1.06014
-1.25352
-1.24134
-1.3208
-1.62309
-1.86888
-2.03417
-2.00931
-2.02286
-2.0136
-1.96142
-2.00375
-2.03071
-1.92834
-2.35488
-2.25092
-2.3459
-2.00187
-2.02095
-2.06352
-2.01055
-2.12245
-1.92982
-1.92366
-2.14022
-1.94515
-1.88917
-1.86018
-2.01673
-1.79232
-1.54283
-1.37854
-1.56224
-1.70972
-1.93902
-2.0546
-1.89376
-1.89409
-2.29576
-2.22189
-2.16514
-2.12841
-2.36194
-2.28757
-2.44439
-2.31856
-2.57972
-2.54317
-2.41162
-2.72513
-2.60495
-2.60276
-2.3387
-2.35799
-2.35776
-2.06714
-1.9249
-1.83275
-1.60985
-1.42553
-1.52651
-1.81431
-1.8627
-2.10931
-1.97464
-1.52151
-1.32848
-1.14094
-1.10859
-1.08531
-1.16808
-1.05395
-0.879238
-0.55864
-0.463797
-0.531004
-0.64315
-0.384534
-0.280606
-0.367256
-0.0123982
0.208502
-0.036662
-0.0872189
0.0764281
-0.183238
-0.239275
-0.245843
-0.194393
0.0204711
0.0861855
-0.180897
0.117945
0.143266
-0.0112295
0.188356
0.389611
0.412825
0.123113
0.0326912
0.240597
0.434055
0.203858
-0.221378
-0.328669
-0.668188
-0.543653
-0.628693
-0.755305
-0.8311
-0.58025
-0.523156
-0.610611
-0.319226
-0.477925
-0.326958
-0.319971
-0.118342
-0.0780942
0.171224
0.230069
0.286324
0.310643
0.16135
0.267588
0.0676851
-0.193301
-0.414458
-0.547925
-0.630006
-0.731679
-0.453453
-0.482588
-0.318793
-0.0827991
-0.136493
-0.568143
-0.624766
-0.68198
-0.626468
-0.693648
-0.485037
-0.546058
-0.639637
-0.523557
-0.756966
-0.661231
-1.01072
-0.897804
-0.737438
-0.579333
-0.440174
-0.310911
-0.459295
-0.520783
-0.589267
-0.90483
-1.17477
-1.14854
-1.21129
-1.36588
-1.18627
-0.988136
-1.03789
-0.869446
-0.663505
-0.955007
-0.813266
-0.932534
-1.21149
-1.27006
-1.09226
-1.17441
-1.0018
-0.763189
-0.622486
-0.730668
-0.815377
-0.514803
-0.4912
-0.522503
-0.71347
-0.759361
-0.529764
-0.567051
-0.567466
-0.162315
-0.146107
-0.32473
-0.333058
-0.339848
-0.344427
-0.346512
-0.284069
0.0347354
0.0119649
-0.099643
-0.221293
-0.400895
-0.704539
-0.694603
-0.791522
-1.00698
-1.03804
-1.04984
-1.24691
-0.82358
-0.930703
-0.958478
-0.843979
-0.953304
-1.0108
-1.19814
-1.00096
-1.10843
-0.879004
-0.919654
-0.979624
-0.94041
-0.726795
-0.477031
-0.659091
-0.801872
-0.63296
-1.12998
-1.35377
-1.31566
-1.25255
-1.11694
-1.25156
-0.853998
-0.830249
-0.548132
-0.644873
-0.641321
-0.858129
-0.593316
-0.575984
-0.389957
-0.321176
-0.269985
-0.234981
-0.240269
-0.231976
-0.440761
-0.407513
-0.381275
-0.470477
-0.766292
-0.792502
-0.932441
-0.743203
-0.525826
-0.483341
-0.615842
-0.512409
-0.313572
-0.341434
-0.483688
-0.255075
-0.348068
-0.315159
-0.435787
-0.457456
-0.273587
-0.469795
-0.773829
-0.952096
-1.17087
-1.3967
-1.29603
-1.27252
-1.32894
-1.30235
-1.22413
-1.00671
-1.34436
-1.21854
-1.29561
-1.18104
-1.1167
-0.944109
-0.922948
-1.01967
-1.07798
-0.987996
-0.862357
-0.880397
-0.643973
-0.715824
-0.582694
-0.722723
-0.864449
-0.878702
-0.863783
-0.914926
-0.751199
-0.869221
-0.779539
-0.753168
-0.60844
-0.364721
-0.517799
-0.493413
-0.589353
-0.569093
-0.773265
-0.801999
-0.670548
-0.987725
-1.021
-1.01638
-1.13734
-1.01673
-1.00622
-1.00148
-0.885238
-0.779856
-1.14419
-1.12471
-1.31613
-1.59104
-1.73549
-1.76627
-1.98087
-1.75006
-1.58011
-1.83542
-2.04019
-1.82722
-1.71694
-1.99574
-1.73108
-1.74037
-1.78645
-1.49582
-1.65152
-1.47576
-1.06198
-0.825297
-0.828142
-0.675064
-0.460322
-0.58444
-0.4589
-0.406386
-0.25169
-0.408079
-0.511746
-0.67898
-0.765691
-0.871665
-0.932897
-1.07309
-1.20438
-1.00954
-0.851481
-0.769269
-0.826025
-0.814649
-0.44987
-0.640271
-0.721662
-0.799867
-0.92493
-0.83959
-0.924985
-0.868839
-0.868766
-0.760339
-0.88088
-0.96233
-1.17368
-1.45079
-1.52809
-1.33034
-1.24861
-1.44693
-1.49975
-1.62592
-1.57171
-1.4776
-1.2985
-1.28877
-1.0412
-1.32517
-1.18969
-1.29667
-1.26748
-1.42786
-1.58221
-1.86994
-1.96773
-1.96475
-1.85714
-1.75745
-1.70494
-1.70669
-1.9217
-1.81816
-1.94704
-1.69008
-1.31341
-1.25345
-1.15551
-1.01693
-0.985181
-0.914076
-0.659547
-0.822557
-0.739886
-0.843063
-0.818078
-0.801079
-0.826187
-0.700515
