-0.401392
-0.0362555
-0.0141888
-0.0579143
-0.0673927
-0.0638815
0.0403315
0.222515
0.147559
0.147398
0.30105
-0.304146
0.0174564
-0.0840007
0.0851159
-0.0269659
0.0820432
0.0562319
0.20237
0.169711
-0.356687
-0.45735
-0.153205
-0.00318245
-0.146125
-0.208559
-0.148079
0.20618
0.183965
-0.167181
0.0118759
0.0459138
-0.164384
0.0510955
-0.0467982
-0.0555566
-0.016849
-0.0897388
0.147937
-0.0862062
-0.310633
-0.22942
-0.277529
0.0334788
0.142664
0.0447782
0.137222
0.0192746
-0.294167
-0.0788503
0.144158
-0.145911
0.0835748
-0.0270259
-0.156549
0.210325
-0.162232
-0.160237
-0.381149
0.139537
-1.51241
-0.244884
-0.138349
0.297612
-0.0624688
-0.209168
0.183945
-0.297931
-0.00408631
0.358845
-0.0979895
0.190859
-0.12208
0.0635738
-0.100677
0.197826
-0.307659
-0.291123
0.0886361
-0.245864
-0.263216
-0.189831
-0.458802
-0.0099704
0.0916674
0.0350879
0.072193
0.0851074
0.165545
-0.197507
0.494235
0.227576
-0.0274461
0.189405
0.152132
-0.187927
-0.100848
-0.210457
0.098292
0.117741
-0.243445
0.099205
-0.0306389
0.136176
-0.0305642
-0.176513
-0.167871
-0.0591535
-0.0714904
-0.165468
-0.357297
-0.298321
0.25184
0.184081
-0.0109618
-0.133156
-0.171126
0.292217
0.0992229
-0.269335
0.546742
-0.114486
-0.077512
-0.0292371
-0.174301
-0.134975
-0.174445
0.0203186
0.196632
-0.25471
0.262758
0.144537
-0.0194116
0.167732
-0.13506
0.0236284
-0.197295
0.0988193
0.213883
0.122116
-0.0109105
-0.167984
-0.0121651
-0.242949
-0.0815438
-0.213333
0.0691482
-0.0986314
-0.206539
-0.18445
0.102314
-0.376086
0.0765075
-0.169011
0.0924896
-0.172555
0.00946903
0.0429791
-0.176689
-0.0612898
-0.0281114
-0.380057
-0.0878776
-0.17819
-0.130342
0.0113112
-0.121121
0.0681002
-0.0947451
-0.165864
0.0754692
-0.167726
-0.205304
-0.021474
0.0748194
0.07173
-0.0399287
0.296597
0.019583
-0.157446
-0.173932
-0.128417
0.0161319
0.0746459
0.0828341
0.224028
-0.0349249
-0.131364
-0.121084
-0.227504
-0.060939
0.063013
0.023327
0.0144901
-0.0836487
0.27791
-0.0204473
0.111736
0.470447
0.137568
0.30487
0.108687
0.0222807
-0.364674
0.369965
-0.0736601
0.250302
0.0266898
-0.0756758
-0.132759
-0.204704
-0.100783
-0.0860956
0.0974081
-0.0227643
-0.160661
-0.00290315
-0.0769146
-0.152043
0.120247
-0.0635578
-0.27911
0.465024
-0.032456
-0.0303624
-0.0501736
-0.206262
0.0796531
-0.190317
0.297043
0.00296369
0.0793852
0.0179268
-0.112704
-0.208414
-0.297479
0.181815
0.224449
0.146347
-0.00611359
-0.448944
0.126969
0.1145
-0.124472
0.054552
0.365403
0.0596911
0.102779
-0.283982
0.0294143
-0.188202
-0.0308163
0.0733191
0.121595
-0.0966414
0.0737842
0.10842
0.0155596
0.218785
0.0438766
0.168889
0.0501243
-0.186276
-0.490643
-0.0124638
-0.128526
-0.061389
-0.113555
-0.0699846
0.0230682
0.0217351
-0.210881
0.134831
-0.0828025
-0.110654
-0.197431
-0.0284388
0.145573
-0.0732275
0.180145
0.0752317
0.078389
-0.341528
0.326739
-0.092646
0.0975932
-0.350155
-0.13419
-0.0214626
0.0741654
0.00410435
0.199872
0.299649
-0.0833269
-0.293978
-0.169824
0.063695
-0.136902
0.0931565
0.100092
-0.557277
-0.0793113
-0.00427351
-0.228559
0.0689368
0.0407827
0.200397
-0.043568
-0.197394
0.0383777
0.0142579
0.078517
-0.0252331
-0.103232
0.00432353
0.0858197
-0.235047
0.0507823
-0.0888928
0.0746402
0.0460253
0.377967
0.0574956
0.0289694
-0.2175
-0.18573
0.397147
0.0672601
0.196682
-0.0636311
-0.0119321
-0.124231
-0.26634
-0.144417
0.138135
0.107129
-0.0967193
0.00229713
0.111584
-0.315618
0.0296204
0.159727
-0.209289
0.0312419
-0.174441
-0.146486
-0.169784
-0.190679
-0.126341
0.0484676
0.367819
0.226245
-0.067757
0.230998
0.0464308
0.04667
0.0679644
0.0936606
-0.103341
0.0531893
1.16462
0.13023
0.0689865
-0.295001
0.120014
0.27247
0.148669
-0.267153
-0.0708455
0.0170712
0.0224617
-0.133171
-0.122322
0.152437
-0.0567521
-0.16183
0.0231643
-0.0963488
-0.16551
0.099045
-0.0525455
0.102353
-0.2674
-0.127482
0.129891
0.0220878
0.00303415
-0.0623278
0.139006
-0.00219839
0.00608669
-0.0428522
-0.0300397
-0.347931
-0.237291
0.213933
-0.0333566
0.142142
-0.127507
0.208708
0.0897749
-0.0985052
-0.21052
-0.00147045
-0.0803074
0.080162
-0.0547452
-0.293243
0.123069
0.346748
0.0904844
-0.218257
0.0383957
0.189941
-0.210022
0.158015
-0.00849427
0.107439
-0.0462421
-0.0839332
0.250591
-0.0324784
-0.336124
-0.152801
-0.0484375
0.164121
0.208682
-0.117515
0.0927833
0.204857
0.165159
0.000110308
0.237167
0.0665878
-0.217848
-0.248808
0.121606
0.00354221
0.0237418
0.178048
-0.266676
-0.00996968
0.191934
-0.201866
0.054033
0.141754
0.305736
0.177553
0.246508
-0.131548
0.032505
-0.0798562
0.243732
0.249304
-0.0116533
0.195892
-0.359614
0.0475514
0.0396325
-0.038174
-0.122427
0.0813734
0.0394897
-0.330236
0.170654
0.21457
0.167956
0.311225
-0.0155742
0.312177
0.0241005
0.0305411
0.142987
-0.414572
0.100644
0.00460138
-0.290899
-0.432735
0.185715
0.071851
1.34087
-0.136506
0.0768906
-0.0940099
0.180588
0.0686187
0.265196
-0.102229
-0.298582
0.143005
-0.0461584
-0.0403531
0.151926
0.107531
0.0333159
-0.135938
0.0469557
0.412939
0.0703073
0.247554
0.347883
-0.00403535
0.00875644
0.0521226
0.217276
0.250643
0.283885
0.460609
-0.0764107
-0.0582043
-0.107172
-0.154085
0.0685585
-0.233385
-0.0938057
-0.333106
0.249023
-0.0264992
-0.018865
0.194841
-0.0917535
-0.00312649
0.12895
-0.334791
-0.0341063
-0.00588003
0.0610178
-0.178589
-0.0802122
0.151729
0.0691013
-0.0170332
0.146693
0.0694428
-0.30153
0.210952
-0.0539576
0.0864461
-0.156354
-0.177911
-0.881669
0.155019
0.107472
0.108385
0.325578
-0.357106
0.0314519
-0.177602
-0.25802
0.0124618
0.242616
0.17321
-0.0392856
0.373946
0.0830725
-0.0212836
0.0179066
-0.0356555
0.167472
0.183547
0.149306
0.112169
-0.111343
-0.0324763
0.0495545
-0.160141
0.170124
0.0507643
-0.098642
0.142055
0.0761493
-0.116611
-0.199305
-0.0844488
0.408937
0.0944324
0.248087
0.0761725
0.0343571
0.0663386
0.315959
-0.0913279
0.0120667
0.310865
-0.0971748
-0.139361
0.300662
0.0653185
-0.250212
-0.0444907
-0.0851997
0.0140356
0.184772
0.216141
-0.131637
-0.270501
0.030052
0.0977076
-0.0567874
0.0344742
-0.338884
-0.0524764
0.373284
0.187354
-0.46751
0.292256
0.0319499
0.199488
-0.0629087
0.131682
0.0205107
-0.212309
0.213515
-0.124166
-0.0296834
-0.26981
-0.00135472
0.111364
0.133603
0.0788106
-0.219319
-0.115811
0.144418
0.0171822
0.0645691
-0.0544427
-0.241839
0.18932
0.344986
0.0406666
-0.0722755
-0.178508
-0.047353
-0.0537915
-0.209608
-0.161741
0.163815
-0.0871942
-0.126797
0.127294
0.324435
-0.0912873
-0.260723
-0.0968036
-0.273176
0.195702
-0.1844
0.126476
-0.0723066
0.165466
0.341272
-0.230781
0.162439
0.0465617
0.0254336
0.0211524
-0.00312677
0.0651156
0.309788
-0.00205591
0.0255772
0.303291
0.0379408
0.0428656
0.203762
-0.0645732
-0.068632
0.0130501
-0.0352736
-0.122586
-0.394513
-0.08578
0.19055
-0.125845
-0.0470535
-0.351878
0.060298
-0.202946
0.0627511
0.31723
0.179511
0.13189
0.235488
-0.00517231
-0.152879
0.146349
-0.0721568
-0.00846188
-0.0554067
-0.0405361
0.108197
0.161367
0.0338312
-0.239684
0.163235
0.186473
0.0214408
0.013185
-0.174949
0.0105318
-0.142011
-0.330544
0.246978
0.124922
0.196748
-0.25724
-0.129646
0.333468
-0.205658
0.0607331
0.00666776
0.183645
-0.147913
-0.0623766
0.0222371
-0.144161
-0.208963
-0.0581587
0.050704
0.0676732
-2.01839
-0.226115
-0.164331
0.00680471
0.00382489
-0.426235
0.603753
0.0253386
0.4448
0.23482
-0.0624697
-0.229215
-0.121835
0.255267
-0.179564
-0.111674
-0.0867286
-0.0465855
-0.00371681
0.0967247
-0.327925
0.0787411
0.158731
-0.0124478
0.0750762
0.0401259
-0.0676073
0.0323643
-0.175092
0.032614
-0.135435
-0.318196
0.218762
0.0277612
0.130525
0.0171359
-0.0519247
0.120998
0.0486053
0.0723903
0.024066
-0.10968
-0.167398
0.216154
0.209345
-0.0662762
-0.176444
-0.138691
0.109601
-0.0612136
0.149979
0.221756
0.272568
0.1782
0.1605
0.0743575
-0.40601
-0.0774264
-0.053035
-0.0639644
-2.02976
0.0140313
-0.0526311
-0.0653117
0.150177
0.221441
0.226031
0.108993
0.224325
0.0668658
0.130248
-0.00499573
0.00795883
0.0706139
-0.0477193
0.152134
-0.193766
0.088596
-0.284974
0.278104
0.0604005
-0.226876
0.0451995
-0.250692
0.338003
0.189006
0.131203
0.194043
-0.0672922
-0.0281403
-0.247246
-0.255997
0.207808
0.144755
0.126785
-0.0910891
0.0877102
-0.0623525
-0.250595
-0.0205949
-0.0285685
-0.0482488
-0.0812305
-0.117131
0.145601
0.0312018
0.0282174
-0.142008
-0.329408
-0.232226
0.234529
0.298224
0.0567985
0.0686397
-0.0773251
-0.14567
0.0351606
-0.162814
0.0306129
0.0503372
-0.824323
0.02305
-0.0909331
0.0769818
0.173665
0.0287842
0.264832
-0.0938188
-0.466599
0.0895634
-0.236428
0.183731
-0.285511
-0.0882471
0.234624
0.0535131
-0.344043
-0.0331923
0.149116
0.0416356
0.233517
-0.0868368
0.130082
-0.0143225
0.229023
-0.138321
0.217547
-0.0801119
-0.103128
-0.311048
-0.338138
0.00651698
-0.0711591
0.0194065
-0.0025609
-0.0434749
-0.0589848
0.112355
-0.0603235
0.0401747
0.0458459
-0.125007
0.136073
-0.0436307
-0.266495
-0.00644319
-0.452242
0.208668
0.000189202
-0.143236
-0.00586513
-0.265173
-0.0227396
0.0996422
0.0273564
0.103076
-0.0702332
0.0262593
0.200505
0.149536
1.42133
0.362159
-0.336105
-0.0293136
0.0126779
0.131822
-0.200013
0.124825
0.0820476
-0.206962
0.278469
0.245845
0.223263
0.088185
0.0739469
-0.143252
-0.0671084
-0.0695698
0.323026
-0.267192
0.0207432
0.120622
-0.152555
0.142443
0.0020867
0.176496
0.200377
0.0234412
0.183507
0.0697163
0.015601
-0.059234
-0.291832
0.156798
-0.0825728
-0.0691735
0.405052
-0.0212132
-0.159956
-0.0662096
0.181373
-0.097076
-0.104185
0.170043
0.00251981
-0.164592
0.202838
-0.279742
-0.191942
0.0231034
0.148394
-0.137064
0.162546
-0.0208228
-0.01338
-0.219471
-0.21211
-0.0731717
-0.0435365
0.352255
0.748457
-0.210078
0.0409058
-0.110166
0.158111
-0.121506
-0.0409858
-0.113644
-0.271169
0.0211015
0.147597
-0.0252025
-0.148918
-0.150186
-0.208507
-0.135166
0.192482
-0.21696
-0.079935
0.0794045
-0.0176802
-0.228856
-0.242234
-0.312661
0.078264
-0.277293
0.0344317
-0.0577747
-0.0186332
0.178117
0.311179
0.0589097
0.00971753
-0.0859673
-0.0340186
-0.0337138
-0.0851025
0.109897
0.133753
-0.394062
0.182688
0.0349097
0.202187
-0.0906231
0.0521128
0.168251
-0.118187
-0.214893
-8.35926e-05
-0.0892922
0.156397
0.497855
0.107214
-0.235847
0.160042
0.346013
0.0988199
0.294937
0.094962
0.0950538
-1.28169
-0.115752
0.142444
0.0682467
0.0424647
0.0387544
0.00612069
0.0511476
0.287978
-0.113558
0.158656
0.00765208
-0.303151
0.199114
0.0282093
0.157025
0.26102
0.145194
-0.0564068
-0.335481
0.00489493
0.256508
0.198596
0.228233
-0.0835072
-0.0359486
0.0805503
0.268131
0.0916587
0.100338
0.0611625
0.18664
-0.205997
0.165268
0.159779
0.151851
-0.216695
-0.162498
0.341235
0.0651744
-0.0968338
0.486456
0.0876345
-0.194729
-0.164335
-0.0272096
0.32307
-0.356525
-0.0450943
0.147838
0.199229
0.0214616
-0.274301
0.129653
0.0758424
0.124418
0.0161403
-0.100264
0.418673
-0.246413
-1.05562
-0.160898
0.0420948
-0.0548283
-0.0511315
0.0477955
-0.0992166
0.0687538
-0.0822733
0.0403906
0.291466
0.0763889
0.125997
0.0433311
0.146198
0.203653
-0.24908
0.0523517
-0.275308
-0.17748
-0.123861
-0.122906
-0.196671
0.126405
-0.00569934
0.0707252
0.0761315
-0.272252
-0.0225416
0.0455048
0.10832
-0.104523
-0.113695
0.0725
0.0940943
-0.232556
-0.0554489
-0.151892
-0.0367599
-0.052117
0.338642
0.0666932
-0.371195
0.113793
-0.0131778
0.117285
-0.0370676
0.054538
-0.11092
-0.352299
0.142869
-0.246691
0.180399
-0.0803955
0.121104
0.0140036
0.23529
0.108913
0.0492483
0.00155482
-1.02024
-0.0146758
-0.0432137
-0.237295
-0.164407
-0.211601
-0.247177
-0.0538948
0.122542
-0.253509
0.1017
-0.450629
-0.0303361
-0.113561
0.10459
0.0808488
-0.485784
-0.360378
0.0771244
0.078356
0.477051
-0.0259852
0.0574705
-0.129015
0.0212214
-0.187501
-0.0897688
0.255839
0.260458
0.185563
0.233833
0.229116
-0.166971
-0.0726808
-0.100219
-0.0762376
-0.302091
0.122227
-0.116997
-0.260841
0.16799
0.0998184
0.0785579
-0.165754
0.0198264
0.173756
-0.036456
0.145775
0.171157
0.0836772
0.438066
-0.392732
0.196837
0.105036
0.174261
0.340442
-0.3453
0.157334
0.0476397
-0.0550434
-0.261637
-0.187779
-0.154008
-0.0218943
-0.00334515
-0.244592
-0.03297
-0.0125022
0.200925
-0.0233095
0.252209
-0.293483
0.0351077
0.180547
0.117788
-0.0395658
0.0976304
-0.114703
-0.0470015
-0.00810682
-0.0453203
-0.0441164
-0.159121
-0.315326
-0.0937226
-0.0669872
0.0596817
-0.235125
0.0223082
0.0620128
0.037221
0.185175
-0.166184
0.170581
0.161484
0.155669
0.0483873
-0.046121
-0.11917
-0.171401
0.146436
0.182301
0.0604723
0.218105
-0.336521
-0.301316
0.00146711
-0.0605475
-0.0180332
0.101406
-0.0449227
-0.379879
0.258898
-0.151091
0.00440633
0.249852
0.120087
0.132437
0.0864082
-0.0632562
-1.58679
0.137899
0.131135
-0.0383676
0.156646
0.0437392
0.186757
-0.28116
0.402971
0.181007
0.0969076
-0.009634
-0.0688524
-0.175257
0.137909
-0.120322
0.151459
0.0205614
0.0561439
0.210057
-0.111499
0.479783
-0.146267
0.0684894
0.18981
-0.0886672
0.13794
0.16125
0.0893125
0.0423142
0.00309007
-0.167736
0.104019
0.288569
0.236069
-0.0915932
0.146526
0.016602
-0.0564071
0.0293248
-0.164655
0.0497992
0.255086
-0.216446
0.0169928
0.115163
-0.263338
0.0681262
-0.364071
-0.0317215
0.253538
-0.253224
-0.310007
-0.169173
-0.120254
-0.256845
0.0120982
0.0249693
-0.0665725
0.0861611
-1.79445
-0.107825
0.175484
0.0732862
-0.116786
-0.0393984
0.114998
-0.18077
-0.0806969
0.321547
-0.151294
-0.14528
0.0627254
0.0384626
-0.338058
0.0935133
-0.0676994
0.193551
-0.26583
-0.0506614
-0.101879
0.0451815
0.0555965
0.0506231
-0.269676
0.00817969
-0.089172
0.0246208
0.222409
-0.135857
0.048334
-0.0796078
-0.330334
0.0928154
0.0993133
0.105689
-0.386569
0.143621
0.0836232
-0.215541
-0.0679636
-0.142105
-0.0903951
0.153519
0.102422
0.00121032
0.275933
-0.0670672
-0.131362
-0.099905
0.108
0.109907
-0.183336
-0.216937
-0.162034
-0.203603
-0.0424474
0.0670974
-0.319814
0.24853
-1.33599
0.161865
-0.226481
-0.196053
0.146415
-0.0992231
-0.0745191
0.0560998
-0.0568651
0.243264
-0.21171
0.311009
-0.158539
-0.0495811
0.0241588
-0.0424878
-0.144775
-0.0592055
0.201136
0.231827
-0.195825
-0.225646
-0.197693
-0.0987499
0.201167
-0.21728
0.151993
-0.0487443
-0.353455
-0.0731805
-0.012204
0.0742891
0.175946
-0.207602
0.164135
-0.151327
0.153911
-6.23096e-05
-0.0181102
0.0965618
-0.0974245
0.0486987
-0.0383988
0.271628
0.269349
0.107192
0.255526
0.340409
0.270643
-0.0780454
-0.338587
0.209599
-0.178541
0.0309837
0.0223789
0.00904633
0.0551898
0.0635293
0.295435
0.1336
-0.761195
